bound_tables.R -- 2026-09-05 17:19  quadrature nodes per dimension: 80 

Table 1: bias of the reduced pseudo-true AIPW target when Z2 (b2 != 0) is omitted, S = {1}
  bias_over_a2b2: bias / (a2 b2); stein_T1: E[(e - e*) h z2] b2 (equals a2 b2 c_PS under Gaussian independence);
  T2 = E[(e - e*){q1/e* + q0/(1 - e*)}] (arm-projection remainder; bias = T1 - T2 exactly, all designs);
  holder_bound: ||e - e*||_2 sum_a ||m_a - m*_a||_4 ||1/e*_a||_4 (Lemma A3).

     design  a0  a1  a2 b1  b2 c_nl     bias a2b2 bias_over_a2b2 stein_T1
      gauss 0.5 1.0 1.0  1 0.3  0.0 0.253270 0.30         0.8442   0.2529
      gauss 0.0 1.0 2.0  1 0.3  0.0 0.369349 0.60         0.6156   0.3692
      gauss 0.5 1.0 0.5  1 0.3  0.0 0.143043 0.15         0.9536   0.1429
      gauss 1.0 1.5 1.5  1 0.3  0.0 0.335706 0.45         0.7460   0.3328
        ar1 0.5 1.0 1.0  1 0.3  0.0 0.199949 0.30         0.6665   0.2008
        ar1 0.0 1.0 2.0  1 0.3  0.0 0.314360 0.60         0.5239   0.3150
        ar1 0.5 1.0 0.5  1 0.3  0.0 0.108789 0.15         0.7253   0.1091
        ar1 1.0 1.5 1.5  1 0.3  0.0 0.275746 0.45         0.6128   0.2755
 rademacher 0.5 1.0 1.0  1 0.3  0.0 0.266301 0.30         0.8877   0.2663
 rademacher 0.0 1.0 2.0  1 0.3  0.0 0.431345 0.60         0.7189   0.4313
 rademacher 0.5 1.0 0.5  1 0.3  0.0 0.145029 0.15         0.9669   0.1450
 rademacher 1.0 1.5 1.5  1 0.3  0.0 0.340935 0.45         0.7576   0.3409
       unif 0.5 1.0 1.0  1 0.3  0.0 0.261227 0.30         0.8708   0.2610
       unif 0.0 1.0 2.0  1 0.3  0.0 0.398780 0.60         0.6646   0.3987
       unif 0.5 1.0 0.5  1 0.3  0.0 0.144334 0.15         0.9622   0.1443
       unif 1.0 1.5 1.5  1 0.3  0.0 0.341308 0.45         0.7585   0.3384
     nonlin 0.5 1.0 1.0  1 0.3  0.6 0.258712 0.30         0.8624   0.2529
     nonlin 0.0 1.0 2.0  1 0.3  0.6 0.373983 0.60         0.6233   0.3692
     nonlin 0.5 1.0 0.5  1 0.3  0.6 0.145496 0.15         0.9700   0.1429
     nonlin 1.0 1.5 1.5  1 0.3  0.6 0.346921 0.45         0.7709   0.3328
     nonlin 0.5 1.0 1.0  1 0.0  0.6 0.005442 0.00             NA   0.0000
     nonlin 0.0 1.0 2.0  1 0.0  0.6 0.004634 0.00             NA   0.0000
     nonlin 0.5 1.0 0.5  1 0.0  0.6 0.002452 0.00             NA   0.0000
     nonlin 1.0 1.5 1.5  1 0.0  0.6 0.011215 0.00             NA   0.0000
         T2 holder_bound bias_over_holder identity_check
 -3.653e-04       0.7791        0.3250996     -1.110e-16
 -1.180e-04       0.7699        0.4797171      0.000e+00
 -1.283e-04       0.5792        0.2469630     -5.551e-17
 -2.933e-03       3.0858        0.1087920     -5.551e-17
  8.052e-04       3.9680        0.0503906      5.551e-17
  6.313e-04       8.2318        0.0381886      0.000e+00
  3.550e-04       1.1955        0.0909962      5.551e-17
 -1.982e-04     104.7269        0.0026330      0.000e+00
 -3.816e-17       0.4181        0.6369982      5.551e-17
 -6.939e-18       0.6741        0.6398840      1.110e-16
 -5.031e-17       0.2109        0.6875585      1.110e-16
 -7.980e-17       0.7800        0.4371032     -1.110e-16
 -2.237e-04       0.4925        0.5304533      1.110e-16
 -3.289e-05       0.6893        0.5785083      5.551e-17
 -6.783e-05       0.2748        0.5253206     -8.327e-17
 -2.889e-03       1.0013        0.3408637      5.551e-17
 -5.807e-03       3.3790        0.0765651      5.551e-17
 -4.752e-03       3.1802        0.1175988     -5.551e-17
 -2.581e-03       2.6400        0.0551111      2.220e-16
 -1.415e-02      12.1016        0.0286674     -5.551e-17
 -5.442e-03       3.3021        0.0016481      1.483e-16
 -4.634e-03       3.0976        0.0014959     -6.592e-17
 -2.452e-03       2.5989        0.0009436      5.117e-17
 -1.121e-02      11.6905        0.0009593     -2.949e-17

Table 2: r_mis = Var(phi*) - V_eff(S*) when a pure instrument Z2 is omitted (b2 = 0, S* = {1})
  Var_psi_naive = Var psi(e*_S, m) (estimand of the empirical variance); Var_phi_corrected = Var(phi*) (Lemma A4).

     design  a0  a1  a2 b1 het Veff_S Veff_SI ratio_SI_over_S Var_psi_naive
      gauss 0.5 1.0 1.0  1 0.0  5.127   8.130           1.586         5.076
      gauss 0.0 1.0 2.0  1 0.0  4.419  26.365           5.966         4.411
      gauss 0.5 1.0 0.5  1 0.0  5.525   6.213           1.125         5.488
      gauss 1.0 1.5 1.5  1 0.0  6.998  31.281           4.470         6.430
        ar1 0.5 1.0 1.0  1 0.0  7.494  12.107           1.616         7.013
        ar1 0.0 1.0 2.0  1 0.0  7.763  68.231           8.789         6.668
 rademacher 0.5 1.0 1.0  1 0.0  4.931   7.370           1.495         4.931
 rademacher 0.0 1.0 2.0  1 0.0  4.206  13.611           3.236         4.206
       unif 0.5 1.0 1.0  1 0.0  5.009   7.634           1.524         4.988
       unif 0.0 1.0 2.0  1 0.0  4.325  16.563           3.830         4.323
     hetero 0.5 1.0 1.0  1 0.5  6.002  10.389           1.731         5.825
     hetero 0.0 1.0 2.0  1 0.5  4.540  29.475           6.492         4.520
     hetero 0.0 1.0 2.0  1 1.0  4.921  39.597           8.046         4.852
 Var_phi_corrected     r_mis r_mis_pct sd_ratio_naive_over_corrected
             5.093 -0.033946  -0.66214                        0.9983
             4.414 -0.005124  -0.11595                        0.9997
             5.499 -0.025355  -0.45895                        0.9990
             6.560 -0.438279  -6.26293                        0.9901
             7.090 -0.404711  -5.40025                        0.9946
             6.790 -0.973089 -12.53520                        0.9910
             4.931  0.000000   0.00000                        1.0000
             4.206  0.000000   0.00000                        1.0000
             4.999 -0.009550  -0.19067                        0.9988
             4.324 -0.000851  -0.01968                        0.9999
             5.856 -0.146460  -2.44005                        0.9973
             4.523 -0.017442  -0.38415                        0.9997
             4.855 -0.066828  -1.35791                        0.9997
 max_eS_minus_estar
          5.699e-03
          1.218e-02
          1.859e-03
          7.187e-03
          3.684e-03
          7.804e-03
          5.551e-17
          1.110e-16
          4.780e-03
          3.437e-03
          5.699e-03
          1.218e-02
          1.218e-02
