# convergence_check.R  run on 2026-09-16 11:09; replications per cell: main 25, boundary 10; cores 12; 0.7 min
# fits = propensity/outcome refits examined (folds x replications); ps_nonconv = logistic refit at glm.fit's iteration limit;
# ps_boundary = fitted probabilities numerically at 0/1; *_rankdef_fits = refits with aliased coefficients (set to zero);
# ginv_fits = refits in which a sandwich block was solved with a generalized inverse; trim_frac = share of test-fold
# propensities clipped; max_dpsi_maxit / max_dcorr_maxit = largest change in a pseudo-observation / correction term when
# a non-converged propensity refit is repeated with maxit = 200 (NA when no refit was non-converged);
# max_d_est_maxit / max_d_se_stk_maxit / cov_flips_maxit = largest change in a replication's arm estimate / stacked SE,
# and number of replications whose 95 percent stacked-interval coverage indicator changes, under the maxit = 200 refits. 

        cell      arm reps fits mean_dim ps_nonconv ps_boundary ps_rankdef_fits
           I   oracle   25  125     7.00          0           0               0
           I     full   25  125    21.00          0           0               0
           I  out_thr   25  125     7.09          0           0               0
           I  out_bic   25  125    15.28          0           0               0
           I  oal_fix   25  125     5.42          0           0               0
           I oal_wamd   25  125    12.34          0           0               0
           I oads_thr   25  125     7.10          0           0               0
           I oads_bic   25  125    15.28          0           0               0
           I  trt_bic   25  125     9.78          0           0               0
           I      bch   25  125    17.18          0           0               0
          II   oracle   25  125     7.00          0           0               0
          II     full   25  125    51.00         42           0               0
          II  out_thr   25  125     6.22          0           0               0
          II  out_bic   25  125    25.77          0           0               0
          II  oal_fix   25  125     3.17          0           0               0
          II oal_wamd   25  125    23.89          0           0               0
          II oads_thr   25  125     6.27          0           0               0
          II oads_bic   25  125    25.78          0           0               0
          II  trt_bic   25  125     8.18          0           0               0
          II      bch   25  125    28.55          0           0               0
         III   oracle   25  125     7.00          0           0               0
         III     full   25  125    21.00          0           0               0
         III  out_thr   25  125     5.02          0           0               0
         III  out_bic   25  125    11.85          0           0               0
         III  oal_fix   25  125     3.62          0           0               0
         III oal_wamd   25  125    13.26          0           0               0
         III oads_thr   25  125     5.06          0           0               0
         III oads_bic   25  125    11.85          0           0               0
         III  trt_bic   25  125     9.46          0           0               0
         III      bch   25  125    15.13          0           0               0
           M   oracle   25  125     7.00          0           0               0
           M     full   25  125    21.00          0           0               0
           M  out_thr   25  125     7.15          0           0               0
           M  out_bic   25  125    15.17          0           0               0
           M  oal_fix   25  125     5.33          0           0               0
           M oal_wamd   25  125    13.25          0           0               0
           M oads_thr   25  125     7.18          0           0               0
           M oads_bic   25  125    15.17          0           0               0
           M  trt_bic   25  125     9.25          0           0               0
           M      bch   25  125    16.92          0           0               0
          P1   oracle   25  125     7.00          0           0               0
          P1     full   25  125   101.00          0           0               0
          P1  out_thr   25  125     6.73          0           0               0
          P1  out_bic   25  125    37.92          0           0               0
          P1  oal_fix   25  125     4.07          0           0               0
          P1 oal_wamd   25  125    34.95          0           0               0
          P1 oads_thr   25  125     6.78          0           0               0
          P1 oads_bic   25  125    37.93          0           0               0
          P1  trt_bic   25  125     9.31          0           0               0
          P1      bch   25  125    40.98          0           0               0
          P2   oracle   25  125     7.00          0           0               0
          P2  out_thr   25  125     8.42          0           0               0
          P2  out_bic   25  125    53.99          0           0               0
          P2  oal_fix   25  125     3.73          0           0               0
          P2 oal_wamd   25  125    61.98         12           0               0
          P2 oads_thr   25  125     8.47          0           0               0
          P2 oads_bic   25  125    54.01          0           0               0
          P2  trt_bic   25  125     9.71          0           0               0
          P2      bch   25  125    58.01          0           0               0
           C   oracle   25  125     7.00          0           0               0
           C     full   25  125    21.00          0           0               0
           C  out_thr   25  125     7.22          0           0               0
           C  out_bic   25  125    13.26          0           0               0
           C  oal_fix   25  125     6.09          0           0               0
           C oal_wamd   25  125    15.02          0           0               0
           C oads_thr   25  125     7.26          0           0               0
           C oads_bic   25  125    13.27          0           0               0
           C  trt_bic   25  125     9.02          0           0               0
           C      bch   25  125    15.30          0           0               0
          Bd   oracle   25  125     7.00          0           0               0
          Bd     full   25  125    21.00          0           0               0
          Bd  out_thr   25  125     7.03          0           0               0
          Bd  out_bic   25  125    15.46          0           0               0
          Bd  oal_fix   25  125     5.29          0           0               0
          Bd oal_wamd   25  125    15.05          0           0               0
          Bd oads_thr   25  125     7.04          0           0               0
          Bd oads_bic   25  125    15.46          0           0               0
          Bd  trt_bic   25  125     8.48          0           0               0
          Bd      bch   25  125    16.90          0           0               0
           H   oracle   25  125     7.00          0           0               0
           H     full   25  125    21.00          0           0               0
           H  out_thr   25  125     7.02          0           0               0
           H  out_bic   25  125    15.09          0           0               0
           H  oal_fix   25  125     5.26          0           0               0
           H oal_wamd   25  125    13.10          0           0               0
           H oads_thr   25  125     7.04          0           0               0
           H oads_bic   25  125    15.09          0           0               0
           H  trt_bic   25  125     9.76          0           0               0
           H      bch   25  125    16.88          0           0               0
         IV6   oracle   25  125     7.00          0           0               0
         IV6     full   25  125    21.00          0           0               0
         IV6  out_thr   25  125     7.03          0           0               0
         IV6  out_bic   25  125    14.74          0           0               0
         IV6  oal_fix   25  125     5.25          0           0               0
         IV6 oal_wamd   25  125    13.26          0           0               0
         IV6 oads_thr   25  125     7.03          0           0               0
         IV6 oads_bic   25  125    14.74          0           0               0
         IV6  trt_bic   25  125    15.01          0           0               0
         IV6      bch   25  125    18.95          0           0               0
  B500_k1.50   oracle   10   50     7.00          0           0               0
  B500_k1.50     full   10   50    21.00          0           0               0
  B500_k1.50  out_thr   10   50     7.06          0           0               0
  B500_k1.50  out_bic   10   50    14.02          0           0               0
  B500_k1.50  oal_fix   10   50     5.22          0           0               0
  B500_k1.50 oads_thr   10   50     7.06          0           0               0
  B500_k1.50 oads_bic   10   50    14.02          0           0               0
  B500_k1.50      bch   10   50    16.04          0           0               0
  B500_k1.10   oracle   10   50     7.00          0           0               0
  B500_k1.10     full   10   50    21.00          0           0               0
  B500_k1.10  out_thr   10   50     6.48          0           0               0
  B500_k1.10  out_bic   10   50    14.52          0           0               0
  B500_k1.10  oal_fix   10   50     4.86          0           0               0
  B500_k1.10 oads_thr   10   50     6.60          0           0               0
  B500_k1.10 oads_bic   10   50    14.52          0           0               0
  B500_k1.10      bch   10   50    16.58          0           0               0
  B500_k0.75   oracle   10   50     7.00          0           0               0
  B500_k0.75     full   10   50    21.00          0           0               0
  B500_k0.75  out_thr   10   50     5.48          0           0               0
  B500_k0.75  out_bic   10   50    15.52          0           0               0
  B500_k0.75  oal_fix   10   50     3.92          0           0               0
  B500_k0.75 oads_thr   10   50     5.52          0           0               0
  B500_k0.75 oads_bic   10   50    15.52          0           0               0
  B500_k0.75      bch   10   50    17.68          0           0               0
 B2000_k1.50   oracle   10   50     7.00          0           0               0
 B2000_k1.50     full   10   50    21.00          0           0               0
 B2000_k1.50  out_thr   10   50     7.00          0           0               0
 B2000_k1.50  out_bic   10   50    13.68          0           0               0
 B2000_k1.50  oal_fix   10   50     5.90          0           0               0
 B2000_k1.50 oads_thr   10   50     7.04          0           0               0
 B2000_k1.50 oads_bic   10   50    13.68          0           0               0
 B2000_k1.50      bch   10   50    16.12          0           0               0
 B2000_k1.10   oracle   10   50     7.00          0           0               0
 B2000_k1.10     full   10   50    21.00          0           0               0
 B2000_k1.10  out_thr   10   50     6.36          0           0               0
 B2000_k1.10  out_bic   10   50    13.64          0           0               0
 B2000_k1.10  oal_fix   10   50     5.12          0           0               0
 B2000_k1.10 oads_thr   10   50     6.52          0           0               0
 B2000_k1.10 oads_bic   10   50    13.64          0           0               0
 B2000_k1.10      bch   10   50    15.52          0           0               0
 B2000_k0.75   oracle   10   50     7.00          0           0               0
 B2000_k0.75     full   10   50    21.00          0           0               0
 B2000_k0.75  out_thr   10   50     5.02          0           0               0
 B2000_k0.75  out_bic   10   50    11.96          0           0               0
 B2000_k0.75  oal_fix   10   50     3.76          0           0               0
 B2000_k0.75 oads_thr   10   50     5.10          0           0               0
 B2000_k0.75 oads_bic   10   50    11.96          0           0               0
 B2000_k0.75      bch   10   50    14.94          0           0               0
 B8000_k1.50   oracle   10   50     7.00          0           0               0
 B8000_k1.50     full   10   50    21.00          0           0               0
 B8000_k1.50  out_thr   10   50     7.00          0           0               0
 B8000_k1.50  out_bic   10   50    12.62          0           0               0
 B8000_k1.50  oal_fix   10   50     5.86          0           0               0
 B8000_k1.50 oads_thr   10   50     7.00          0           0               0
 B8000_k1.50 oads_bic   10   50    12.62          0           0               0
 B8000_k1.50      bch   10   50    14.98          0           0               0
 B8000_k1.10   oracle   10   50     7.00          0           0               0
 B8000_k1.10     full   10   50    21.00          0           0               0
 B8000_k1.10  out_thr   10   50     6.54          0           0               0
 B8000_k1.10  out_bic   10   50    13.20          0           0               0
 B8000_k1.10  oal_fix   10   50     5.76          0           0               0
 B8000_k1.10 oads_thr   10   50     6.76          0           0               0
 B8000_k1.10 oads_bic   10   50    13.20          0           0               0
 B8000_k1.10      bch   10   50    15.86          0           0               0
 B8000_k0.75   oracle   10   50     7.00          0           0               0
 B8000_k0.75     full   10   50    21.00          0           0               0
 B8000_k0.75  out_thr   10   50     5.04          0           0               0
 B8000_k0.75  out_bic   10   50    12.16          0           0               0
 B8000_k0.75  oal_fix   10   50     4.44          0           0               0
 B8000_k0.75 oads_thr   10   50     5.08          0           0               0
 B8000_k0.75 oads_bic   10   50    12.16          0           0               0
 B8000_k0.75      bch   10   50    14.70          0           0               0
 out_rankdef_fits ginv_fits trim_frac max_dpsi_maxit max_d_est_maxit
                0         0  0.026640             NA           0.000
                0         0  0.229280             NA           0.000
                0         0  0.027840             NA           0.000
                0         0  0.129840             NA           0.000
                0         0  0.026720             NA           0.000
                0         0  0.146560             NA           0.000
                0         0  0.028640             NA           0.000
                0         0  0.129840             NA           0.000
                0         0  0.211520             NA           0.000
                0         0  0.223760             NA           0.000
                0         0  0.026600             NA           0.000
                0         5  0.793200             79           0.560
                0         0  0.007800             NA           0.000
                0         0  0.209400             NA           0.000
                0         0  0.007000             NA           0.000
                0         0  0.319800             NA           0.000
                0         0  0.010200             NA           0.000
                0         0  0.210200             NA           0.000
                0         0  0.235400             NA           0.000
                0         0  0.417400             NA           0.000
                0         0  0.035240             NA           0.000
                0         0  0.213260             NA           0.000
                0         0  0.000200             NA           0.000
                0         0  0.064760             NA           0.000
                0         0  0.000640             NA           0.000
                0         0  0.143860             NA           0.000
                0         0  0.000700             NA           0.000
                0         0  0.064760             NA           0.000
                0         0  0.210800             NA           0.000
                0         0  0.212160             NA           0.000
                0         0  0.022080             NA           0.000
                0         0  0.227120             NA           0.000
                0         0  0.022080             NA           0.000
                0         0  0.122320             NA           0.000
                0         0  0.022880             NA           0.000
                0         0  0.146960             NA           0.000
                0         0  0.024240             NA           0.000
                0         0  0.122320             NA           0.000
                0         0  0.208160             NA           0.000
                0         0  0.220320             NA           0.000
                0         0  0.012800             NA           0.000
                0         0  0.545920             NA           0.000
                0         0  0.005840             NA           0.000
                0         0  0.102480             NA           0.000
                0         0  0.007680             NA           0.000
                0         0  0.223520             NA           0.000
                0         0  0.008640             NA           0.000
                0         0  0.103360             NA           0.000
                0         0  0.193680             NA           0.000
                0         0  0.280880             NA           0.000
                0         0  0.015360             NA           0.000
                0         0  0.004800             NA           0.000
                0         0  0.138240             NA           0.000
                0         0  0.004160             NA           0.000
                0         1  0.400720            120           0.475
                0         0  0.006480             NA           0.000
                0         0  0.139600             NA           0.000
                0         0  0.206240             NA           0.000
                0         0  0.365440             NA           0.000
                0         0  0.122560             NA           0.000
                0         0  0.371840             NA           0.000
                0         0  0.131360             NA           0.000
                0         0  0.248400             NA           0.000
                0         0  0.131440             NA           0.000
                0         0  0.313280             NA           0.000
                0         0  0.137040             NA           0.000
                0         0  0.248960             NA           0.000
                0         0  0.345600             NA           0.000
                0         0  0.359280             NA           0.000
                0         0  0.000000             NA           0.000
                0         0  0.029360             NA           0.000
                0         0  0.000000             NA           0.000
                0         0  0.009920             NA           0.000
                0         0  0.000000             NA           0.000
                0         0  0.012880             NA           0.000
                0         0  0.000000             NA           0.000
                0         0  0.009920             NA           0.000
                0         0  0.018000             NA           0.000
                0         0  0.025920             NA           0.000
                0         0  0.022800             NA           0.000
                0         0  0.222000             NA           0.000
                0         0  0.023200             NA           0.000
                0         0  0.121040             NA           0.000
                0         0  0.022640             NA           0.000
                0         0  0.138960             NA           0.000
                0         0  0.024080             NA           0.000
                0         0  0.121040             NA           0.000
                0         0  0.203920             NA           0.000
                0         0  0.213680             NA           0.000
                0         0  0.002960             NA           0.000
                0         0  0.366240             NA           0.000
                0         0  0.003280             NA           0.000
                0         0  0.145280             NA           0.000
                0         0  0.002880             NA           0.000
                0         0  0.173440             NA           0.000
                0         0  0.003280             NA           0.000
                0         0  0.145280             NA           0.000
                0         0  0.362800             NA           0.000
                0         0  0.365120             NA           0.000
                0         0  0.047200             NA           0.000
                0         0  0.272800             NA           0.000
                0         0  0.047200             NA           0.000
                0         0  0.170800             NA           0.000
                0         0  0.046800             NA           0.000
                0         0  0.047200             NA           0.000
                0         0  0.170800             NA           0.000
                0         0  0.261800             NA           0.000
                0         0  0.040200             NA           0.000
                0         0  0.248200             NA           0.000
                0         0  0.021400             NA           0.000
                0         0  0.140200             NA           0.000
                0         0  0.025600             NA           0.000
                0         0  0.025200             NA           0.000
                0         0  0.140200             NA           0.000
                0         0  0.241200             NA           0.000
                0         0  0.047800             NA           0.000
                0         0  0.288800             NA           0.000
                0         0  0.005000             NA           0.000
                0         0  0.153200             NA           0.000
                0         0  0.007200             NA           0.000
                0         0  0.007800             NA           0.000
                0         0  0.153200             NA           0.000
                0         0  0.279800             NA           0.000
                0         0  0.027300             NA           0.000
                0         0  0.208800             NA           0.000
                0         0  0.027300             NA           0.000
                0         0  0.081650             NA           0.000
                0         0  0.030650             NA           0.000
                0         0  0.030850             NA           0.000
                0         0  0.081650             NA           0.000
                0         0  0.206000             NA           0.000
                0         0  0.036750             NA           0.000
                0         0  0.213800             NA           0.000
                0         0  0.017700             NA           0.000
                0         0  0.122600             NA           0.000
                0         0  0.021900             NA           0.000
                0         0  0.022100             NA           0.000
                0         0  0.122600             NA           0.000
                0         0  0.212100             NA           0.000
                0         0  0.027650             NA           0.000
                0         0  0.207500             NA           0.000
                0         0  0.000100             NA           0.000
                0         0  0.068600             NA           0.000
                0         0  0.000450             NA           0.000
                0         0  0.000400             NA           0.000
                0         0  0.068600             NA           0.000
                0         0  0.205650             NA           0.000
                0         0  0.032025             NA           0.000
                0         0  0.207825             NA           0.000
                0         0  0.032025             NA           0.000
                0         0  0.101525             NA           0.000
                0         0  0.031863             NA           0.000
                0         0  0.032025             NA           0.000
                0         0  0.101525             NA           0.000
                0         0  0.207525             NA           0.000
                0         0  0.032925             NA           0.000
                0         0  0.210588             NA           0.000
                0         0  0.021737             NA           0.000
                0         0  0.077412             NA           0.000
                0         0  0.026812             NA           0.000
                0         0  0.026875             NA           0.000
                0         0  0.077412             NA           0.000
                0         0  0.210150             NA           0.000
                0         0  0.032725             NA           0.000
                0         0  0.207450             NA           0.000
                0         0  0.000262             NA           0.000
                0         0  0.073775             NA           0.000
                0         0  0.000500             NA           0.000
                0         0  0.000500             NA           0.000
                0         0  0.073775             NA           0.000
                0         0  0.207100             NA           0.000
 max_d_se_stk_maxit cov_flips_maxit est_check
             0.0000               0         0
             0.0000               0         0
             0.0000               0         0
             0.0000               0         0
             0.0000               0         0
             0.0000               0         0
             0.0000               0         0
             0.0000               0         0
             0.0000               0         0
             0.0000               0         0
             0.0000               0         0
             0.1128               0         0
             0.0000               0         0
             0.0000               0         0
             0.0000               0         0
             0.0000               0         0
             0.0000               0         0
             0.0000               0         0
             0.0000               0         0
             0.0000               0         0
             0.0000               0         0
             0.0000               0         0
             0.0000               0         0
             0.0000               0         0
             0.0000               0         0
             0.0000               0         0
             0.0000               0         0
             0.0000               0         0
             0.0000               0         0
             0.0000               0         0
             0.0000               0         0
             0.0000               0         0
             0.0000               0         0
             0.0000               0         0
             0.0000               0         0
             0.0000               0         0
             0.0000               0         0
             0.0000               0         0
             0.0000               0         0
             0.0000               0         0
             0.0000               0         0
             0.0000               0         0
             0.0000               0         0
             0.0000               0         0
             0.0000               0         0
             0.0000               0         0
             0.0000               0         0
             0.0000               0         0
             0.0000               0         0
             0.0000               0         0
             0.0000               0         0
             0.0000               0         0
             0.0000               0         0
             0.0000               0         0
             0.0279               0         0
             0.0000               0         0
             0.0000               0         0
             0.0000               0         0
             0.0000               0         0
             0.0000               0         0
             0.0000               0         0
             0.0000               0         0
             0.0000               0         0
             0.0000               0         0
             0.0000               0         0
             0.0000               0         0
             0.0000               0         0
             0.0000               0         0
             0.0000               0         0
             0.0000               0         0
             0.0000               0         0
             0.0000               0         0
             0.0000               0         0
             0.0000               0         0
             0.0000               0         0
             0.0000               0         0
             0.0000               0         0
             0.0000               0         0
             0.0000               0         0
             0.0000               0         0
             0.0000               0         0
             0.0000               0         0
             0.0000               0         0
             0.0000               0         0
             0.0000               0         0
             0.0000               0         0
             0.0000               0         0
             0.0000               0         0
             0.0000               0         0
             0.0000               0         0
             0.0000               0         0
             0.0000               0         0
             0.0000               0         0
             0.0000               0         0
             0.0000               0         0
             0.0000               0         0
             0.0000               0         0
             0.0000               0         0
             0.0000               0         0
             0.0000               0         0
             0.0000               0         0
             0.0000               0         0
             0.0000               0         0
             0.0000               0         0
             0.0000               0         0
             0.0000               0         0
             0.0000               0         0
             0.0000               0         0
             0.0000               0         0
             0.0000               0         0
             0.0000               0         0
             0.0000               0         0
             0.0000               0         0
             0.0000               0         0
             0.0000               0         0
             0.0000               0         0
             0.0000               0         0
             0.0000               0         0
             0.0000               0         0
             0.0000               0         0
             0.0000               0         0
             0.0000               0         0
             0.0000               0         0
             0.0000               0         0
             0.0000               0         0
             0.0000               0         0
             0.0000               0         0
             0.0000               0         0
             0.0000               0         0
             0.0000               0         0
             0.0000               0         0
             0.0000               0         0
             0.0000               0         0
             0.0000               0         0
             0.0000               0         0
             0.0000               0         0
             0.0000               0         0
             0.0000               0         0
             0.0000               0         0
             0.0000               0         0
             0.0000               0         0
             0.0000               0         0
             0.0000               0         0
             0.0000               0         0
             0.0000               0         0
             0.0000               0         0
             0.0000               0         0
             0.0000               0         0
             0.0000               0         0
             0.0000               0         0
             0.0000               0         0
             0.0000               0         0
             0.0000               0         0
             0.0000               0         0
             0.0000               0         0
             0.0000               0         0
             0.0000               0         0
             0.0000               0         0
             0.0000               0         0
             0.0000               0         0
             0.0000               0         0
             0.0000               0         0
             0.0000               0         0
             0.0000               0         0
             0.0000               0         0
             0.0000               0         0
             0.0000               0         0
             0.0000               0         0
             0.0000               0         0
             0.0000               0         0
             0.0000               0         0

est_check = largest |estimate from the instrumented refits - estimate from aipw_from_sets()| over the replications (identity check).

Totals over all cells and arms:
            fits       ps_nonconv      ps_boundary  ps_rankdef_fits 
           15975               54                0                0 
out_rankdef_fits        ginv_fits 
               0                6 
